539.9202880859375
112.23402404785156
79.10395050048828
59.53059768676758
53.325782775878906
49.703277587890625
47.59209060668945
45.17172622680664
44.34282302856445
43.42607116699219
42.0583381652832
41.62107467651367
41.39860153198242
41.2293701171875
41.021324157714844
40.74289321899414
40.447425842285156
40.23152160644531
40.036468505859375
39.90211486816406
39.64973449707031
39.49132537841797
39.27308654785156
39.07526397705078
38.88561248779297
38.73833465576172
38.60177993774414
38.53412628173828
38.29857635498047
38.146995544433594
38.0075569152832
37.906944274902344
37.785400390625
37.673343658447266
37.51862335205078
37.39273452758789
37.301639556884766
37.22980880737305
37.108154296875
37.04317855834961
36.94003677368164
36.90659713745117
36.78084182739258
36.74114990234375
36.64984893798828
36.590675354003906
36.54579162597656
36.473533630371094
36.42501449584961
36.33584976196289
36.26976776123047
36.21577072143555
36.1551399230957
36.14250564575195
36.058258056640625
36.0007209777832
35.96567153930664
35.917572021484375
35.85000991821289
35.828975677490234
35.80412673950195
35.737388610839844
35.7327995300293
35.678070068359375
35.664451599121094
35.605560302734375
35.58161926269531
35.561161041259766
35.504520416259766
35.479156494140625
35.47880172729492
35.454708099365234
35.380592346191406
35.39081573486328
35.384490966796875
35.30237579345703
35.30253601074219
35.245086669921875
35.21891784667969
35.18996047973633
35.168312072753906
35.14311218261719
35.149681091308594
35.10189437866211
35.14030838012695
35.08732986450195
35.02739715576172
35.008079528808594
35.00471878051758
34.964900970458984
34.96460723876953
34.92490005493164
34.90456771850586
34.90435028076172
34.858707427978516
34.91776657104492
34.83486557006836
34.858245849609375
34.76604080200195
34.76982116699219
34.76094436645508
34.7436408996582
34.712852478027344
34.69491195678711
34.6840934753418
34.66415023803711
34.635433197021484
34.728240966796875
34.66695022583008
34.66143798828125
34.78776931762695
34.718196868896484
34.82298278808594
34.86699295043945
34.742435455322266
34.73701858520508
34.8178596496582
34.67477798461914
34.646244049072266
34.760589599609375
34.648704528808594
34.597171783447266
34.74653244018555
34.55596160888672
34.55780029296875
34.59360885620117
34.51459503173828
34.48525619506836
34.46209716796875
34.451725006103516
34.39278030395508
34.407562255859375
34.39927673339844
34.36824035644531
34.328704833984375
34.30794143676758
34.30170822143555
34.30117416381836
34.277565002441406
34.24296188354492
34.25614547729492
34.270015716552734
34.21097183227539
34.18429946899414
34.19287872314453
34.17445755004883
34.15031814575195
34.10662078857422
34.107547760009766
34.11003875732422
34.09587478637695
34.08072280883789
34.074466705322266
34.09638977050781
34.12592315673828
34.22134780883789
34.32067108154297
34.467323303222656
34.13412094116211
33.99942398071289
34.1645393371582
34.30414962768555
34.119720458984375
33.98672866821289
34.12991714477539
34.182464599609375
33.9661750793457
33.9715576171875
34.1385612487793
33.99081039428711
33.93806457519531
34.05397415161133
34.03972244262695
33.907081604003906
33.9628791809082
33.96767807006836
33.88467025756836
33.91794204711914
33.93407440185547
33.921791076660156
33.87833023071289
33.96827697753906
33.862152099609375
33.81270980834961
33.850364685058594
33.83058547973633
33.832908630371094
33.7905387878418
33.800437927246094
33.84901809692383
33.75067138671875
33.78693771362305
33.82538986206055
33.74772644042969
33.761844635009766
33.75601577758789
33.7984504699707
33.815155029296875
33.71902084350586
33.722225189208984
33.717342376708984
33.72642517089844
33.6819953918457
33.68794631958008
33.67964172363281
33.663631439208984
33.6671257019043
33.62397384643555
33.654972076416016
33.65670394897461
33.6448974609375
33.670379638671875
33.654815673828125
33.60477066040039
33.5843391418457
33.56134033203125
33.602272033691406
33.582984924316406
33.58365249633789
33.54499053955078
33.57527160644531
33.54668426513672
33.522064208984375
33.51470184326172
33.533782958984375
33.50636672973633
33.50319290161133
33.48445129394531
33.47015380859375
33.46202850341797
33.45412826538086
33.47303009033203
33.50458908081055
33.50829315185547
33.59699630737305
33.80828857421875
33.976112365722656
34.084251403808594
33.63465118408203
33.48444366455078
33.766117095947266
33.927085876464844
33.666259765625
33.60667419433594
33.943355560302734
33.895023345947266
33.76588821411133
33.751121520996094
33.803592681884766
33.79597854614258
33.7357292175293
33.973812103271484
33.74355697631836
33.79178237915039
33.932926177978516
33.67475509643555
33.79953384399414
33.702510833740234
33.655921936035156
33.687259674072266
33.68842697143555
33.569881439208984
33.614051818847656
33.630821228027344
33.49598693847656
33.56840896606445
33.47378921508789
33.48947525024414
33.46100616455078
33.46507263183594
33.38373947143555
33.43263244628906
33.3744010925293
33.403865814208984
33.39331817626953
33.35841369628906
33.34026336669922
33.333717346191406
33.309898376464844
33.353424072265625
33.36858367919922
33.3407096862793
33.366600036621094
33.33477020263672
33.32441329956055
33.28760528564453
33.2993049621582
33.30119323730469
33.2709846496582
33.24824905395508
33.2293586730957
33.21311569213867
33.28202819824219
33.21857833862305
33.233489990234375
33.239070892333984
33.19744110107422
33.15529251098633
33.1829719543457
33.17231750488281
33.16128921508789
33.1746940612793
33.15000534057617
33.15073013305664
33.13520431518555
33.151824951171875
33.118133544921875
33.11649703979492
33.12446975708008
33.09005355834961
33.067195892333984
33.07561492919922
33.089561462402344
33.05389404296875
33.05756378173828
33.06340408325195
33.10398483276367
33.12272644042969
33.306968688964844
33.53575897216797
33.86470413208008
34.45814895629883
34.35523223876953
34.89601135253906
34.30366897583008
34.342525482177734
34.752906799316406
34.70154571533203
34.59188461303711
34.48695373535156
34.34329605102539
34.2689208984375
34.26771926879883
34.15412521362305
34.04621505737305
34.066795349121094
33.98844528198242
33.947479248046875
33.917171478271484
33.813690185546875
33.78417205810547
33.75331497192383
33.765380859375
33.76630401611328
33.70896530151367
33.63233947753906
33.62108612060547
33.60631561279297
33.539615631103516
33.51551055908203
33.462646484375
33.433258056640625
33.37997055053711
33.400081634521484
33.37611770629883
33.32695007324219
33.319602966308594
33.312313079833984
33.31580352783203
33.3597412109375
33.35234069824219
33.34038543701172
33.348060607910156
33.32866668701172
33.310523986816406
33.290496826171875
33.259639739990234
33.2483024597168
33.227962493896484
33.244388580322266
33.23073196411133
33.22684860229492
33.25748825073242
33.22489929199219
33.232112884521484
33.207828521728516
33.18397903442383
33.19718933105469
33.24295425415039
33.184837341308594
33.186973571777344
33.18583679199219
33.175113677978516
33.180179595947266
33.18347930908203
33.146419525146484
33.16393280029297
33.15656661987305
33.1477165222168
33.13469696044922
33.15499496459961
33.14361572265625
33.116607666015625
33.154212951660156
33.17005157470703
33.13404083251953
33.11777114868164
33.143272399902344
33.126033782958984
33.12002182006836
33.09999465942383
33.133384704589844
33.096527099609375
33.15803527832031
33.152183532714844
33.1083984375
33.10681915283203
33.10054397583008
33.11489486694336
33.083370208740234
33.081886291503906
33.111045837402344
33.076698303222656
33.08052062988281
33.090545654296875
33.078330993652344
33.105995178222656
33.12647247314453
33.08576583862305
33.07868576049805
33.09461212158203
33.083770751953125
33.10002517700195
33.08917999267578
33.13151931762695
33.077213287353516
33.09086608886719
33.094398498535156
33.07024383544922
33.068519592285156
33.09109115600586
33.106781005859375
33.08974075317383
33.12590789794922
33.081111907958984
33.07460403442383
33.09981918334961
33.069908142089844
33.076805114746094
33.07286834716797
33.079750061035156
33.10304260253906
33.074790954589844
33.08646011352539
33.09157943725586
33.09654235839844
33.09821701049805
33.10736846923828
33.086029052734375
33.07659912109375
33.08771896362305
33.10149002075195
33.0816764831543
33.071102142333984
33.07011032104492
33.081905364990234
33.070186614990234
33.05685043334961
33.049072265625
33.076316833496094
33.057777404785156
33.0888671875
33.055397033691406
33.077239990234375
33.04863739013672
33.058311462402344
33.06863021850586
33.06758117675781
33.083309173583984
33.04131317138672
33.0708122253418
33.08100891113281
33.09092712402344
33.07240676879883
33.08473587036133
33.08612060546875
33.09482955932617
33.098724365234375
33.11320495605469
33.067665100097656
33.097381591796875
33.088993072509766
33.05826187133789
33.077674865722656
33.06665802001953
33.059814453125
33.08649826049805
33.05403518676758
33.05708312988281
33.16596221923828
33.06561279296875
33.0854377746582
33.066410064697266
33.04991149902344
33.068729400634766
33.06062316894531
33.053504943847656
33.06916046142578
33.058780670166016
33.06465530395508